# 41
10 43 114 144 233 272
10 43 114 144 1372
23 37 45 126 490 607 1289 1643 2015 2072 2720
29 323 484 489 1122 1596 2679 2887 4789
33 110 175 200 1754
34 37 45 118 490 1289 1643 2015
36 93 161 268 294 310 1104 1148
36 93 161 268 294 310 1148
36 93 268 310 1104
37 45 490 1289 1643 2015
38 426 516 683 1754 2182
42 64 1722 2453 4176
43 144 233 272 354 608
63 66 163 831 1192
68 95 102 103 109 242 326 1077 1547
93 130 161 193 249 310 783 1219 1617
93 130 161 193 249 783 1219 1617
93 130 193 249 310 356 669 783 1219 1617 4219 4288
93 130 193 249 310 783 1097 1219 1334 1617 2052
93 130 193 249 310 783 1219 1617
93 130 193 249 356 669 783 1219 1617 4219 4288
93 130 193 249 783 1219 1617
93 130 193 310 783 1617
93 130 193 323 783 1617
93 130 193 783 1617
93 161 294 310 1148
94 331 651 741 1099 1101 3673
94 331 651 741 1099 1239 3673
94 331 651 741 1099 3673
106 147 817 850 979 3276
106 149 2878 3272 5168
127 505 743 801 1113 1305 2334 4114 4200
140 154 370 376 2178
164 226 1003 1772 2815
265 311 324 418 651 1129
301 858 865 933 935
363 378 408 436 652
363 378 408 436 652 1307 2035
590 1158 2389 2619 4137
590 1158 2389 2619 4137 4478
722 753 1403 1774 1922
